30 7.4 
35 8.665
40 10.025
45 11.475
50 13.035
55 14.685
60 16.455
65 18.255
70 20.18
75 22.185
80 24.235
85 26.345
90 28.53
95 30.73
100 32.995
105 35.315
110 37.66
115 40.065
120 42.465
125 44.925
130 47.395
135 49.88
140 52.43
145 54.965
150 57.53
155 60.115
160 62.7
165 65.27
170 67.27
175 70.405
180 72.93
185 75.505
190 78.175
195 80.73
200 83.37
205 85.965
210 88.56
215 91.13
220 93.71
225 96.28
230 98.75
235 101.29
240 103.83
245 106.38
250 108.9
255 111.41
260 113.92
265 116.48
270 118.945
275 121.375
280 123.925
285 126.32
290 128.685
295 131.165
300 133.72
305 136.175
310 138.585
315 141.04
320 143.395
325 145.775
330 148.145
335 150.4805
340 152.795
345 155.11
350 157.4
355 159.66
360 161.93
365 164.155
370 166.365
375 168.55
380 170.72
385 172.885
390 174.985
395 177.045
400 179.105

